343.214844	1877.312134
344.489258	2353.996338
345.763672	2444.737793
347.037109	2547.291748
348.310547	2522.301270
349.583984	2526.750244
350.857422	2493.890869
352.129883	2494.407715
353.402344	2557.789551
354.674805	2654.601563
355.947266	2604.054443
357.218750	2696.985352
358.490234	2685.749512
359.761719	2668.609863
361.033203	2728.174561
362.303711	2701.200195
363.574219	2811.959229
364.843750	2808.609863
366.114258	2797.385010
367.383789	2843.257080
368.653320	2885.209717
369.921875	2960.667480
371.191406	2923.852783
372.459961	2920.524414
373.728516	2915.223633
374.996094	2974.979980
376.263672	2975.604736
377.531250	2980.174805
378.798828	3028.146973
380.065430	3001.159912
381.333008	2956.399902
382.598633	3004.398193
383.865234	3095.853760
385.130859	3104.406006
386.396484	3166.293213
387.662109	3076.082275
388.927734	3094.516846
390.192383	3116.912354
391.457031	3168.971436
392.721680	3302.122559
393.985352	3215.801514
395.249023	3105.706543
396.512695	3187.486816
397.776367	3164.415283
399.039063	3143.313477
400.301758	3181.598389
401.564453	3190.195801
402.826172	3228.507324
404.087891	3191.553467
405.349609	3251.678955
406.611328	3244.443848
407.872070	3260.994629
409.132813	3267.638672
410.393555	3302.050781
411.654297	3278.952393
412.914063	3406.632813
414.173828	3298.214600
415.433594	3406.105225
416.692383	3460.438477
417.951172	3409.549805
419.209961	3444.045410
420.468750	3498.422363
421.726563	3509.107910
422.984375	3535.698242
424.242188	3613.985107
425.500000	3523.299072
426.756836	3647.358643
428.013672	3677.980713
429.270508	3648.928223
430.526367	3749.215332
431.782227	3660.452393
433.038086	3758.794922
434.293945	3719.779053
435.548828	3734.523926
436.803711	3759.236084
438.058594	3785.951904
439.312500	3713.027588
440.566406	3663.993652
441.820313	3778.438477
443.074219	3791.222168
444.327148	3780.074219
445.580078	3790.869141
446.833008	3877.502686
448.085938	3872.355225
449.337891	3825.279541
450.589844	3915.971436
451.841797	3848.911377
453.092773	3805.796143
454.343750	3886.552490
455.594727	3967.343994
456.845703	3936.221680
458.095703	3913.083984
459.345703	3883.936523
460.595703	3914.788574
461.844727	3979.668701
463.093750	3888.477783
464.342773	4001.422119
465.591797	3898.183594
466.839844	3895.029541
468.087891	3927.928711
469.335938	3898.735352
470.583984	3933.654053
471.831055	3990.635742
473.078125	3911.318115
474.324219	3912.174316
475.571289	3987.240479
476.817383	4000.150635
478.063477	3990.994629
479.308594	3925.639893
480.554688	3936.538086
481.799805	4057.873291
483.043945	4088.888672
484.289063	4097.821777
485.533203	4102.740723
486.777344	4143.834961
488.020508	4158.816895
489.264648	4071.269775
490.507813	4184.778809
491.750000	4229.950684
492.993164	4240.941895
494.235352	4251.937500
495.477539	4198.531738
496.719727	4245.760254
497.960938	4266.833008
499.202148	4201.311035
500.443359	4391.601563
501.683594	4269.660156
502.924805	4222.234375
504.165039	4295.737305
505.404297	4328.947754
506.644531	4428.725098
507.883789	4234.039551
509.123047	4313.664063
510.361328	4340.854004
511.599609	4339.796875
512.837891	4338.739746
514.076172	4430.575195
515.313477	4391.160645
516.551758	4377.992676
517.788086	4429.482910
519.025391	4468.869141
520.261719	4469.861328
521.498047	4424.346191
522.734375	4368.698242
523.969727	4414.175293
525.206055	4469.790039
526.441406	4470.784668
527.675781	4459.633301
528.910156	4482.898926
530.145508	4455.543457
531.378906	4436.279297
532.613281	4435.241699
533.846680	4462.575684
535.080078	4571.004883
536.313477	4588.244141
537.545898	4613.603516
538.778320	4643.030762
540.010742	4575.085938
541.242188	4622.782227
542.473633	4575.100586
543.705078	4604.545898
544.936523	4560.900391
546.166992	4614.729492
547.398438	4554.813965
548.627930	4614.762207
549.858398	4617.827148
551.087891	4633.091797
552.317383	4798.834961
553.546875	4661.607422
554.775391	4682.995117
556.003906	4751.191895
557.232422	4538.558105
558.460938	4702.430664
559.688477	4585.389160
560.916016	4686.211426
562.143555	4656.707520
563.370117	4674.052734
564.596680	4605.811523
565.823242	4557.923828
567.049805	4593.608887
568.275391	4598.719727
569.500977	4693.584473
570.726563	4672.196777
571.951172	4618.148438
573.176758	4617.145996
574.400391	4675.351074
575.625000	4606.971680
576.848633	4632.520020
578.072266	4529.369141
579.295898	4587.606934
580.519531	4592.728027
581.742188	4561.052734
582.964844	4617.291992
584.186523	4665.375488
585.409180	4654.152832
586.630859	4692.035156
587.852539	4674.673828
589.073242	4769.898438
590.293945	4816.022949
591.514648	4808.917969
592.735352	4748.547363
593.955078	4811.090332
595.174805	4842.919434
596.394531	4798.915039
597.614258	4918.923340
598.833008	4938.493652
600.051758	4861.659668
601.270508	4950.986328
602.488281	4890.538574
603.706055	4938.857910
604.923828	4972.826660
606.141602	4941.093750
607.358398	4911.400879
608.575195	4931.004395
609.791992	4989.662598
611.007813	4922.960938
612.223633	4882.957031
613.439453	4758.620605
614.655273	4901.625977
615.870117	4915.082031
617.084961	4831.824707
618.299805	4863.795410
619.513672	4794.900391
620.727539	4853.646973
621.941406	4941.256348
623.155273	4849.669922
624.368164	4894.044434
625.581055	4787.977539
626.793945	4846.789551
628.005859	4744.787598
629.218750	4727.302734
630.430664	4815.022461
631.641602	4818.180176
632.853516	4730.526367
634.064453	4884.367188
635.274414	4844.180664
636.485352	4861.804688
637.695313	4836.055176
638.905273	4667.720703
640.115234	4788.653809
641.324219	4833.155273
642.533203	4859.067383
643.742188	4895.332031
644.951172	4780.603027
646.159180	4754.793457
647.367188	4766.224121
648.574219	4825.270996
649.782227	4755.972168
650.989258	4806.759766
652.196289	4787.140137
653.402344	4945.697754
654.609375	4882.580566
655.815430	4939.661133
657.020508	4835.046387
658.226563	4842.370605
659.431641	4914.000488
660.636719	4871.551270
661.840820	4851.910156
663.045898	4923.590820
664.250000	4970.390625
665.454102	4840.694824
666.657227	4929.039063
667.860352	4884.457031
669.063477	4945.835938
670.266602	4768.209473
671.468750	4815.036621
672.670898	4770.386719
673.873047	4854.675781
675.074219	4722.635254
676.276367	4794.465332
677.477539	4895.468262
678.677734	4811.229492
679.878906	4885.211426
681.079102	4850.919434
682.279297	4906.193848
683.478516	4851.053223
684.677734	4854.246094
685.876953	4917.897949
687.076172	4952.385742
688.274414	4966.032227
689.473633	4902.496582
690.670898	4943.263672
691.869141	4952.742676
693.066406	4853.670898
694.263672	4927.863770
695.460938	4935.256836
696.657227	4961.454102
697.854492	4835.128906
699.049805	4850.865234
700.246094	4937.684570
701.441406	4955.541992
702.636719	4977.590332
703.832031	4953.626953
705.027344	4835.495117
706.221680	4903.573242
707.416016	4944.469238
708.609375	5140.326660
709.803711	5070.297363
710.997070	4983.477539
712.190430	4953.189941
713.382813	5098.930176
714.575195	4976.420898
715.767578	5147.393066
716.959961	4991.283691
718.152344	4925.301758
719.343750	4945.313477
720.535156	5028.292480
721.725586	4968.570313
722.916016	4934.015625
724.106445	5046.449219
725.296875	4959.382813
726.487305	4958.417969
727.676758	4946.945313
728.866211	4998.526367
730.054688	5100.590332
731.244141	5036.567871
732.432617	5079.791016
733.620117	4996.798340
734.808594	4997.943848
735.996094	4963.306152
737.183594	4983.392090
738.371094	5051.921387
739.557617	5059.398438
740.744141	4982.605957
741.930664	5116.507813
743.117188	5054.447266
744.302734	5106.204102
745.488281	5082.069824
746.673828	5066.361328
747.858398	4976.805176
749.042969	5066.574219
750.227539	5097.285645
751.412109	5193.456543
752.595703	5236.879883
753.779297	5079.670898
754.962891	5131.538086
756.145508	5014.381348
757.329102	5205.753418
758.510742	5264.026855
759.693359	5153.162598
760.875977	5171.264648
762.057617	5170.334473
763.238281	5251.928223
764.419922	5145.191406
765.600586	5104.031738
766.781250	5238.602051
767.961914	5220.741699
769.141602	5243.123047
770.322266	5284.584961
771.500977	5201.020020
772.680664	5270.049316
773.859375	5209.766602
775.038086	5251.257324
776.216797	5290.645996
777.395508	5236.690918
778.573242	5214.545898
779.750977	5147.811523
780.928711	5331.595215
782.105469	5328.570313
783.282227	5314.921875
784.458984	5348.011719
785.635742	5249.351074
786.811523	5409.984375
787.987305	5338.933105
789.163086	5291.242676
790.337891	5307.345703
791.512695	5289.413086
792.687500	5309.779297
793.862305	5223.721191
795.036133	5390.991699
796.209961	5424.171875
797.383789	5344.470215
798.557617	5418.135742
799.730469	5515.276367
800.903320	5369.460938
802.076172	5468.766602
803.248047	5433.766113
804.419922	5460.607910
805.591797	5404.253418
806.763672	5460.976563
807.934570	5387.519531
809.105469	5429.318848
810.276367	5392.123535
811.446289	5474.525879
812.617188	5324.090332
813.787109	5462.075195
814.956055	5508.212891
816.125977	5346.990723
817.294922	5420.921875
818.463867	5449.969238
819.631836	5354.943359
820.800781	5381.848633
821.968750	5398.063477
823.135742	5431.412598
824.303711	5531.158691
825.470703	5504.580566
826.637695	5505.840820
827.804688	5447.101074
828.970703	5501.931152
830.136719	5636.107422
831.302734	5467.996094
832.468750	5477.826660
833.633789	5519.840820
834.798828	5424.542969
835.963867	5524.512695
837.127930	5396.970703
838.291992	5507.715332
839.456055	5493.940430
840.620117	5542.458496
841.783203	5419.099609
842.947266	5465.472168
844.109375	5445.224609
845.272461	5513.125977
846.434570	5432.659668
847.596680	5578.031250
848.758789	5497.542480
849.920898	5475.125000
851.082031	5448.391602
852.243164	5458.249512
853.404297	5442.267090
854.564453	5654.616211
855.724609	5546.021973
856.884766	5670.130859
858.044922	5533.466309
859.204102	5571.384277
860.363281	5635.197754
861.522461	5729.239746
862.680664	5583.832031
863.838867	5570.000000
864.997070	5459.025879
866.155273	5643.792480
867.313477	5524.145508
868.470703	5646.368652
869.627930	5591.482910
870.784180	5588.436523
871.941406	5600.519043
873.097656	5573.690430
874.252930	5600.912109
875.409180	5699.524414
876.564453	5711.641602
877.719727	5682.648438
878.875000	5707.752930
880.029297	5585.650391
881.184570	5612.909180
882.338867	5670.503418
883.492188	5827.781250
884.646484	5809.606445
885.799805	5802.260254
886.953125	5907.643066
888.105469	5861.283203
889.257813	5890.813965
890.410156	5970.254883
891.562500	5967.274414
892.714844	6159.629395
893.866211	6082.878906
895.017578	5990.893066
896.168945	6079.132324
897.319336	6160.894043
898.469727	6199.234863
899.620117	6102.842773
900.770508	5978.146484
901.919922	5988.203613
903.069336	5946.068359
904.218750	5914.790039
905.368164	5874.793457
906.516602	5941.419434
907.665039	5779.506836
908.813477	5804.770996
909.960938	5745.110352
911.108398	5672.353027
912.255859	5756.436523
913.403320	5722.875000
914.549805	5728.534180
915.696289	5677.507324
916.842773	5696.242676
917.989258	5719.348633
919.134766	5781.736816
920.280273	5654.294434
921.425781	5707.963867
922.571289	5709.258789
923.715820	5896.174316
924.860352	5773.008789
926.004883	5807.088867
927.148438	5727.551270
928.292969	5798.793945
929.435547	5690.795898
930.579102	5718.326660
931.722656	5793.988281
932.865234	5889.373535
934.007813	5737.531738
935.149414	5765.095703
936.291992	5906.511230
937.433594	5861.864746
938.575195	5865.381836
939.715820	5879.853516
940.856445	5949.111328
941.998047	5867.173340
943.137695	5778.620605
944.278320	5872.020508
945.417969	5945.723633
946.557617	5942.680664
947.697266	5965.966309
948.835938	5888.306641
949.974609	5911.589355
951.113281	5912.925293
952.251953	5949.399414
953.389648	5878.253906
954.528320	6046.564941
955.665039	5977.605957
956.802734	6082.268555
957.939453	6090.237305
959.077148	6199.369629
960.212891	6187.570801
961.349609	6210.968262
962.485352	6309.196777
963.621094	6354.642578
964.756836	6309.841309
965.892578	6225.381836
967.027344	6288.458008
968.162109	6344.953125
969.296875	6112.800781
970.430664	6222.179199
971.564453	5987.688965
972.698242	6141.188965
973.832031	6144.777344
974.964844	6121.894043
976.097656	6176.229980
977.230469	6036.366699
978.363281	5898.647949
979.495117	6008.170410
980.627930	6062.527832
981.758789	6081.563477
982.890625	5937.099609
984.021484	5987.055664
985.152344	6094.508301
986.283203	6040.601563
987.414063	6083.978027
988.543945	6100.829102
989.673828	6104.412109
990.803711	6079.226074
991.932617	6155.851074
993.062500	6256.864746
994.191406	6209.549316
995.319336	6361.564453
996.448242	6354.129395
997.576172	6408.739258
998.704102	6410.176270
999.832031	6382.791992
1000.958984	6428.573242
1002.085938	6485.463867
1003.212891	6546.816895
1004.339844	6519.436523
1005.465820	6505.360352
1006.592773	6393.597168
1007.717773	6355.059570
1008.843750	6396.459961
1009.969727	6277.930664
1011.094727	6341.551270
1012.218750	6334.079590
1013.343750	6319.935547
1014.467773	6401.394043
1015.592773	6433.960938
1016.715820	6442.072266
1017.839844	6559.210449
1018.962891	6832.182617
1020.085938	6962.814453
1021.208984	7140.260254
1022.332031	7195.301270
1023.454102	7069.942383
1024.576172	6871.004883
1025.698242	6845.796387
1026.819336	6539.729004
1027.941406	6447.551270
1029.062500	6344.181641
1030.182617	6370.130859
1031.303711	6407.245605
1032.423828	6312.722168
1033.543945	6336.447754
1034.664063	6373.578125
1035.783203	6258.885254
1036.903320	6351.849121
1038.022461	6395.707520
1039.140625	6318.926758
1040.259766	6306.922852
1041.377930	6355.269531
1042.496094	6305.257324
1043.614258	6226.148926
1044.731445	6348.325684
1045.848633	6450.419434
1046.965820	6422.760254
1048.083008	6448.809570
1049.199219	6380.836426
1050.315430	6317.311035
1051.431641	6399.349121
1052.547852	6479.183105
1053.663086	6601.628418
1054.779297	6363.265625
1055.893555	6454.352051
1057.008789	6556.689941
1058.123047	6627.672363
1059.238281	6606.708008
1060.351563	6614.903809
1061.465820	6596.169922
1062.580078	6642.528320
1063.693359	6713.604980
1064.806641	6553.390137
1065.918945	6644.694824
1067.032227	6738.286133
1068.144531	6681.345703
1069.256836	6682.823730
1070.368164	6816.953613
1071.480469	6836.451172
1072.591797	6817.718262
1073.702148	6969.963379
1074.813477	7144.778320
1075.923828	7087.834961
1077.035156	7118.667480
1078.144531	7041.425293
1079.254883	7115.053711
1080.364258	7006.236328
1081.474609	6944.689453
1082.583008	6729.855957
1083.692383	6625.387695
1084.800781	6671.944336
1085.909180	6671.159668
1087.017578	6650.071777
1088.125977	6601.898438
1089.233398	6574.014160
1090.340820	6577.719238
1091.448242	6734.954102
1092.555664	6569.323730
1093.662109	6500.747559
1094.768555	6664.844727
1095.875000	6603.037109
1096.981445	6620.311035
1098.086914	6714.457520
1099.192383	6471.717285
1100.297852	6529.683105
1101.403320	6549.215332
1102.507813	6543.865234
1103.612305	6552.091797
1104.716797	6551.266113
1105.821289	6532.325684
1106.924805	6594.906250
1108.028320	6657.514160
1109.131836	6570.610352
1110.235352	6646.836426
1111.337891	6557.624512
1112.440430	6631.612305
1113.542969	6714.702637
1114.645508	6729.782227
1115.747070	6738.062012
1116.848633	6707.768066
1117.950195	6695.617676
1119.051758	6715.244141
1120.152344	6712.171875
1121.252930	6774.961426
1122.353516	6849.136719
1123.454102	6877.899902
1124.553711	6822.585449
1125.654297	6821.802734
1126.753906	6873.313477
1127.852539	6904.378418
1128.952148	6985.499023
1130.050781	6896.017090
1131.149414	6922.553711
1132.248047	6974.139160
1133.345703	7139.578613
1134.443359	7291.426758
1135.541016	7457.006348
1136.638672	7631.770020
1137.735352	7701.791504
1138.833008	7863.007813
1139.929688	8094.962402
1141.025391	8144.607422
1142.122070	8144.099121
1143.217773	8399.075195
1144.313477	8638.189453
1145.409180	8621.810547
1146.503906	8703.576172
1147.599609	8627.842773
1148.694336	8499.551758
1149.789063	8302.681641
1150.882813	8057.749512
1151.976563	7693.884766
1153.070313	7492.138184
1154.164063	7299.447266
1155.257813	7099.812012
1156.350586	7051.036621
1157.443359	6894.723145
1158.536133	6967.147461
1159.628906	6900.000977
1160.720703	6693.191895
1161.812500	6825.145996
1162.904297	6783.112793
1163.996094	6750.223145
1165.086914	6827.288086
1166.177734	6785.226563
1167.268555	6756.897949
1168.359375	6733.141113
1169.449219	6716.252930
1170.540039	6731.465332
1171.628906	6767.330078
1172.718750	6743.552734
1173.808594	6747.303711
1174.897461	6682.191406
1175.986328	6724.961426
1177.075195	6776.935547
1178.163086	6753.130859
1179.250977	6802.834473
1180.338867	6767.533691
1181.426758	6727.620117
1182.514648	6894.595215
1183.601563	6808.701172
1184.688477	6734.269531
1185.775391	6590.791016
1186.862305	6820.003418
1187.948242	6872.103027
1189.034180	6802.221680
1190.120117	6794.475098
1191.205078	6851.206543
1192.291016	6850.376465
1193.375977	6944.005371
1194.460938	6899.409180
1195.545898	6857.098145
1196.629883	6888.541016
1197.713867	6883.102539
1198.797852	6787.711426
1199.881836	6849.146973
1200.964844	6889.841797
1202.048828	6789.772949
1203.131836	7017.449219
1204.213867	6938.143066
1205.296875	7018.148438
1206.378906	6911.088867
1207.460938	6910.258789
1208.542969	6918.670898
1209.625000	6860.057129
1210.706055	6984.052734
1211.787109	6930.051270
1212.868164	7063.364746
1213.949219	7141.214355
1215.029297	7050.188965
1216.109375	6961.437500
1217.189453	7150.424316
1218.269531	7154.266602
1219.348633	7030.742188
1220.428711	6939.591797
1221.507813	7031.427246
1222.585938	16299.708008
1223.665039	16481.654297
1224.743164	9215.095703
1225.821289	7475.673828
1226.899414	7166.487305
1227.976563	7184.252930
1229.054688	7234.508301
1230.131836	7173.389648
1231.208984	7172.595703
1232.285156	7167.157227
1233.362305	7136.171875
1234.438477	7112.140137
1235.514648	7192.642090
1236.590820	7270.853516
1237.666016	7386.284668
1238.741211	7329.737305
1239.816406	7359.196777
1240.891602	7316.572266
1241.965820	7278.581055
1243.041016	7631.452637
1244.115234	7432.937012
1245.189453	7350.718750
1246.262695	7503.607422
1247.336914	7421.367676
1248.410156	7553.372559
1249.483398	7447.811035
1250.555664	7521.622559
1251.628906	7653.730469
1252.701172	7720.622559
1253.773438	7808.526367
1254.845703	7945.440918
1255.916992	8103.405273
1256.988281	8182.111328
1258.059570	8300.520508
1259.130859	8587.032227
1260.202148	8815.299805
1261.272461	9368.235352
1262.342773	9629.460938
1263.413086	10033.293945
1264.483398	10521.411133
1265.552734	10911.579102
1266.622070	11182.697266
1267.691406	11411.843750
1268.760742	11659.794922
1269.829102	11568.693359
1270.898438	11320.806641
1271.966797	11297.453125
1273.034180	10995.571289
1274.102539	10653.764648
1275.169922	10293.082031
1276.237305	9789.385742
1277.304688	9604.050781
1278.372070	9289.774414
1279.438477	8958.960938
1280.505859	8752.235352
1281.572266	8606.376953
1282.637695	8451.077148
1283.704102	8253.493164
1284.769531	8231.768555
1285.834961	8113.831543
1286.900391	7925.437988
1287.964844	7859.027832
1289.030273	7726.848633
1290.094727	7810.662598
1291.159180	7734.789063
1292.222656	7703.520508
1293.287109	7730.983887
1294.350586	7836.019043
1295.414063	7689.559082
1296.477539	7691.170410
1297.540039	7723.354980
1298.603516	7689.687500
1299.666016	7707.767090
1300.728516	7584.655762
1301.790039	7541.520996
1302.852539	7750.274414
1303.914063	7577.642578
1304.975586	7532.121582
1306.036133	7496.003906
1307.097656	7391.539551
1308.158203	7433.148438
1309.218750	7352.197754
1310.279297	7497.554199
1311.338867	7456.671387
1312.399414	7451.151367
1313.458984	7450.346680
1314.518555	7402.347656
1315.577148	7606.866699
1316.636719	7457.369629
1317.695313	7406.978516
1318.753906	7486.456543
1319.812500	7575.415527
1320.870117	7697.488281
1321.928711	7531.308594
1322.986328	7580.148926
1324.043945	7612.459961
1325.100586	7746.461914
1326.158203	7705.501465
1327.214844	7707.104004
1328.271484	7734.733398
1329.328125	7911.467773
1330.383789	7834.998535
1331.439453	7829.523438
1332.495117	7745.899902
1333.550781	7849.355469
1334.606445	7810.711426
1335.661133	7878.679199
1336.715820	7994.075195
1337.770508	7931.729492
1338.825195	7942.858398
1339.878906	8003.792480
1340.933594	8138.282715
1341.987305	8189.791504
1343.041016	8276.915039
1344.093750	8257.268555
1345.147461	8042.948730
1346.200195	8177.582520
1347.252930	8205.399414
1348.304688	8259.356445
1349.357422	8417.875977
1350.409180	8476.651367
1351.460938	8483.157227
1352.512695	8418.344727
1353.564453	8436.729492
1354.615234	8286.256836
1355.666016	8171.404297
1356.716797	8108.849121
1357.767578	8139.081543
1358.817383	8076.492676
1359.867188	8059.112793
1360.916992	7960.760254
1361.966797	7902.856934
1363.016602	8066.483398
1364.065430	7932.327148
1365.114258	7829.097656
1366.163086	7859.316406
1367.211914	7851.398926
1368.259766	7876.863770
1369.308594	7868.944824
1370.356445	7853.864746
1371.404297	8091.718750
1372.451172	8088.610352
1373.499023	8011.496582
1374.545898	8084.775879
1375.592773	8057.779785
1376.638672	8202.757813
1377.685547	8197.276367
1378.731445	8108.153809
1379.777344	8073.967285
1380.823242	8087.579102
1381.869141	8089.239746
1382.914063	8047.851563
1383.958984	7953.818359
1385.003906	7993.732422
1386.048828	8019.303711
1387.092773	7975.470703
1388.137695	7816.702148
1389.181641	7997.898438
1390.225586	7910.920410
1391.268555	7809.532715
1392.312500	7847.073730
1393.355469	7961.318848
1394.398438	7871.861816
1395.441406	7842.306152
1396.483398	7791.155273
1397.526367	7874.298828
1398.568359	7760.758301
1399.610352	7843.928711
1400.651367	7879.132813
1401.693359	7782.325195
1402.734375	7937.577637
1403.775391	7804.718750
1404.816406	7885.578125
1405.856445	7831.933105
1406.897461	7852.756348
1407.937500	7878.394531
1408.977539	7961.735840
1410.017578	7920.082031
1411.056641	7984.225586
1412.095703	7906.477539
1413.134766	8086.125000
1414.173828	8123.869629
1415.212891	8149.594727
1416.250977	8098.294922
1417.289063	8299.795898
1418.327148	8349.653320
1419.365234	8459.751953
1420.403320	8550.619141
1421.440430	8641.523438
1422.477539	8558.922852
1423.514648	8625.756836
1424.551758	8687.793945
1425.587891	8706.444336
1426.625000	8872.249023
1427.661133	8944.023438
1428.696289	8856.552734
1429.732422	9063.519531
1430.767578	8780.485352
1431.803711	8787.099609
1432.837891	9006.252930
1433.873047	8747.189453
1434.908203	8826.283203
1435.942383	8859.493164
1436.976563	8919.303711
1438.010742	8882.432617
1439.044922	9007.560547
1440.078125	8905.387695
1441.111328	8928.966797
1442.144531	9121.926758
1443.177734	9150.398438
1444.210938	9195.824219
1445.243164	9207.373047
1446.275391	9245.563477
1447.307617	9261.969727
1448.339844	9375.284180
1449.372070	9418.375000
1450.403320	9408.165039
1451.434570	9526.423828
1452.465820	9470.165039
1453.497070	9515.732422
1454.527344	9435.191406
1455.557617	9313.375000
1456.587891	9261.876953
1457.618164	9268.605469
1458.648438	9202.510742
1459.677734	9233.507813
1460.707031	8968.246094
1461.736328	8996.777344
1462.765625	8879.553711
1463.793945	8815.740234
1464.823242	8649.823242
1465.851563	8520.302734
1466.879883	8405.316406
1467.907227	8443.492188
1468.935547	8274.931641
1469.962891	8437.170898
1470.990234	8212.572266
1472.017578	8223.964844
1473.044922	8081.998535
1474.071289	8166.413086
1475.097656	8233.814453
1476.124023	8174.579590
1477.150391	8134.811035
1478.176758	8143.761230
1479.202148	8123.467285
1480.227539	8268.933594
1481.252930	8407.142578
1482.278320	8460.050781
1483.302734	8486.147461
1484.328125	8663.518555
1485.352539	8582.294922
1486.375977	8652.363281
1487.400391	8641.899414
1488.424805	8716.890625
1489.448242	9082.532227
1490.471680	9072.146484
1491.495117	9105.733398
1492.517578	9183.319336
1493.541016	9058.070313
1494.563477	8986.551758
1495.585938	9125.287109
1496.608398	9075.763672
1497.629883	8862.329102
1498.651367	8851.876953
1499.673828	8883.021484
1500.695313	8725.711914
1501.715820	8492.448242
