343.214844	1926.353638
344.489258	2318.686523
345.763672	2370.179199
347.037109	2435.430908
348.310547	2526.227051
349.583984	2465.888184
350.857422	2552.801514
352.129883	2529.761719
353.402344	2514.570313
354.674805	2625.127686
355.947266	2678.736816
357.218750	2744.162842
358.490234	2613.002441
359.761719	2704.007568
361.033203	2738.009277
362.303711	2811.372803
363.574219	2792.281494
364.843750	2775.150635
366.114258	2838.725586
367.383789	2914.141602
368.653320	2914.751221
369.921875	2789.291504
371.191406	2878.537109
372.459961	2829.873779
373.728516	2930.992188
374.996094	2929.635742
376.263672	2975.604736
377.531250	2992.008545
378.798828	2980.801270
380.065430	3022.864502
381.333008	3019.553955
382.598633	3028.085938
383.865234	2973.441162
385.130859	3005.665283
386.396484	3037.903320
387.662109	3064.228271
388.927734	3015.474121
390.192383	3101.100586
391.457031	3147.225342
392.721680	3171.619629
393.985352	3156.469482
395.249023	3167.029297
396.512695	3187.486816
397.776367	3235.659180
399.039063	3285.831543
400.301758	3217.235352
401.564453	3182.274658
402.826172	3232.468506
404.087891	3247.024414
405.349609	3267.531006
406.611328	3266.245361
407.872070	3322.447998
409.132813	3315.225586
410.393555	3294.117920
411.654297	3304.739502
412.914063	3325.286377
414.173828	3423.237061
415.433594	3443.818604
416.692383	3349.259766
417.951172	3340.048096
419.209961	3368.570557
420.468750	3446.770508
421.726563	3507.121094
422.984375	3547.623047
424.242188	3554.348389
425.500000	3600.843506
426.756836	3484.281494
428.013672	3580.511230
429.270508	3718.564209
430.526367	3717.375000
431.782227	3716.185303
433.038086	3830.466797
434.293945	3779.518555
435.548828	3820.168945
436.803711	3707.439453
438.058594	3724.181152
439.312500	3776.804688
440.566406	3837.425293
441.820313	3806.353027
443.074219	3781.250488
444.327148	3857.870117
445.580078	3784.883545
446.833008	3919.410889
448.085938	3800.497070
449.337891	3777.363525
450.589844	3814.128174
451.841797	3858.898193
453.092773	3831.767578
454.343750	3870.566650
455.594727	3907.384277
456.845703	3808.279297
458.095703	3941.077393
459.345703	3833.937256
460.595703	3864.778564
461.844727	3889.631104
463.093750	3858.458740
464.342773	3987.410156
465.591797	3872.155762
466.839844	3939.086426
468.087891	3879.856201
469.335938	3912.759521
470.583984	3955.696777
471.831055	3998.653076
473.078125	3809.074463
474.324219	3928.216064
475.571289	4043.398682
476.817383	3937.961670
478.063477	3968.922852
479.308594	4054.086182
480.554688	4036.908691
481.799805	4029.763428
483.043945	4010.565186
484.289063	4017.472412
485.533203	4102.740723
486.777344	4141.825684
488.020508	4106.555176
489.264648	4127.563965
490.507813	4098.308105
491.750000	4135.415527
492.993164	4178.575195
494.235352	4237.852051
495.477539	4273.002441
496.719727	4245.760254
497.960938	4208.438477
499.202148	4295.971680
500.443359	4309.007324
501.683594	4485.258789
502.924805	4248.434082
504.165039	4350.165039
505.404297	4328.947754
506.644531	4223.019043
507.883789	4250.176758
509.123047	4283.399414
510.361328	4379.197266
511.599609	4265.112305
512.837891	4364.986328
514.076172	4234.692871
515.313477	4411.358887
516.551758	4305.261719
517.788086	4346.632324
519.025391	4454.720703
520.261719	4285.891602
521.498047	4402.103516
522.734375	4473.870605
523.969727	4349.439453
525.206055	4425.274414
526.441406	4393.876465
527.675781	4319.953613
528.910156	4412.030762
530.145508	4477.821289
531.378906	4353.225586
532.613281	4414.979980
533.846680	4499.054688
535.080078	4552.761230
536.313477	4525.391602
537.545898	4538.568848
538.778320	4549.724121
540.010742	4544.653320
541.242188	4598.430176
542.473633	4684.708008
543.705078	4651.240723
544.936523	4648.219238
546.166992	4580.200195
547.398438	4595.445801
548.627930	4626.954590
549.858398	4695.062012
551.087891	4582.268066
552.317383	4664.630371
553.546875	4620.930176
554.775391	4485.666504
556.003906	4594.514648
557.232422	4729.869629
558.460938	4714.645020
559.688477	4644.437500
560.916016	4590.491211
562.143555	4563.002930
563.370117	4653.677734
564.596680	4563.014160
565.823242	4559.961914
567.049805	4548.753418
568.275391	4635.427734
569.500977	4550.798340
570.726563	4586.505859
571.951172	4612.026367
573.176758	4545.704590
574.400391	4424.229492
575.625000	4541.625000
576.848633	4540.604492
578.072266	4517.110840
579.295898	4591.693848
580.519531	4604.991699
581.742188	4673.494629
582.964844	4746.118164
584.186523	4718.553711
585.409180	4635.741211
586.630859	4589.723145
587.852539	4639.879395
589.073242	4722.813477
590.293945	4658.355469
591.514648	4604.108887
592.735352	4717.818848
593.955078	4692.247559
595.174805	4793.731934
596.394531	4897.312500
597.614258	4814.353027
598.833008	4885.170898
600.051758	4869.864746
601.270508	4848.396484
602.488281	4902.852051
603.706055	4951.174316
604.923828	5040.582031
606.141602	4930.825684
607.358398	4878.535156
608.575195	4902.240234
609.791992	4899.240723
611.007813	4855.128906
612.223633	4786.325684
613.439453	4824.426758
614.655273	4794.666504
615.870117	4791.639160
617.084961	4753.626465
618.299805	4744.413086
619.513672	4844.311035
620.727539	4863.943359
621.941406	4844.450195
623.155273	4798.165527
624.368164	4716.828613
625.581055	4740.571777
626.793945	4696.293457
628.005859	4746.849609
629.218750	4820.116211
630.430664	4784.077637
631.641602	4781.038086
632.853516	4744.974121
634.064453	4746.052734
635.274414	4767.780273
636.485352	4826.694336
637.695313	4860.844727
638.905273	4847.486816
640.115234	4854.790039
641.324219	4802.146973
642.533203	4896.285645
643.742188	4802.265137
644.951172	4848.868164
646.159180	4864.455566
647.367188	4832.450195
648.574219	4835.621094
649.782227	4888.485352
650.989258	4808.830566
652.196289	4936.285156
653.402344	4848.316895
654.609375	4826.625488
655.815430	4894.058105
657.020508	4814.312988
658.226563	4792.598633
659.431641	4810.286133
660.636719	4836.280273
661.840820	4856.060547
663.045898	4842.638184
664.250000	4876.961914
665.454102	4830.311523
666.657227	4754.560059
667.860352	4790.964355
669.063477	4898.040039
670.266602	4699.616699
671.468750	4831.668945
672.670898	4857.726074
673.873047	4848.435547
675.074219	4845.381836
676.276367	4804.870117
677.477539	4839.270020
678.677734	4823.720703
679.878906	4791.505371
681.079102	4815.511230
682.279297	4816.611816
683.478516	4863.555664
684.677734	4791.718262
685.876953	4926.236816
687.076172	4927.363281
688.274414	4911.804199
689.473633	4973.426270
690.670898	4786.765137
691.869141	4925.610352
693.066406	4903.772949
694.263672	5011.386719
695.460938	4866.334473
696.657227	4921.762695
697.854492	4904.083008
699.049805	5024.334473
700.246094	4973.222656
701.441406	4924.177734
702.636719	4854.196289
703.832031	4957.810547
705.027344	4971.499512
706.221680	4987.287598
707.416016	5011.456055
708.609375	4947.695313
709.803711	4919.507813
710.997070	4968.813965
712.190430	4986.713867
713.382813	5052.823730
714.575195	5028.826172
715.767578	5057.234863
716.959961	5018.546875
718.152344	4950.473633
719.343750	4966.294922
720.535156	4977.925293
721.725586	4983.264160
722.916016	5059.990723
724.106445	4981.347656
725.296875	4974.086426
726.487305	4941.609863
727.676758	4942.742188
728.866211	5034.260254
730.054688	4976.544922
731.244141	4979.788086
732.432617	5008.273926
733.620117	4954.720215
734.808594	4928.498535
735.996094	5112.752441
737.183594	5027.604492
738.371094	5054.027344
739.557617	5126.800781
740.744141	5014.208496
741.930664	5034.323242
743.117188	5029.154297
744.302734	4998.683105
745.488281	5136.897461
746.673828	5036.832031
747.858398	5048.535156
749.042969	5079.235352
750.227539	5164.827148
751.412109	5045.674805
752.595703	5184.088867
753.779297	5128.250000
754.962891	5019.569824
756.145508	5187.655273
757.329102	5055.688965
758.510742	5067.418457
759.693359	5191.224609
760.875977	5122.618652
762.057617	5153.410645
763.238281	5188.448242
764.419922	5193.871094
765.600586	5186.593750
766.781250	5211.075195
767.961914	5161.439453
769.141602	5264.307617
770.322266	5204.065918
771.500977	5122.602051
772.680664	5250.970215
773.859375	5241.572266
775.038086	5283.070313
776.216797	5356.407715
777.395508	5383.097656
778.573242	5295.194336
779.750977	5377.075195
780.928711	5350.705078
782.105469	5269.104004
783.282227	5240.572266
784.458984	5224.775879
785.635742	5313.108398
786.811523	5363.218262
787.987305	5281.524902
789.163086	5369.930664
790.337891	5286.073730
791.512695	5272.391602
792.687500	5369.367676
793.862305	5268.422852
795.036133	5248.338867
796.209961	5206.949219
797.383789	5329.559570
798.557617	5326.519531
799.730469	5351.182129
800.903320	5356.671387
802.076172	5315.257324
803.248047	5254.631348
804.419922	5351.822266
805.591797	5308.244141
806.763672	5350.006836
807.934570	5317.080566
809.105469	5429.318848
810.276367	5451.917480
811.446289	5378.406738
812.617188	5454.415039
813.787109	5444.979492
814.956055	5392.790527
816.125977	5426.094727
817.294922	5335.384766
818.463867	5462.802734
819.631836	5440.520020
820.800781	5443.905762
821.968750	5453.713379
823.135742	5429.271484
824.303711	5494.755371
825.470703	5468.168945
826.637695	5580.822754
827.804688	5423.530273
828.970703	5433.344727
830.136719	5526.772461
831.302734	5513.026855
832.468750	5552.895020
833.633789	5562.746582
834.798828	5446.000977
835.963867	5498.757324
837.127930	5446.346191
838.291992	5531.334961
839.456055	5476.758789
840.620117	5533.865234
841.783203	5487.858887
842.947266	5370.906250
844.109375	5404.380371
845.272461	5526.027344
846.434570	5486.427246
847.596680	5487.681641
848.758789	5413.626953
849.920898	5401.951172
851.082031	5493.597656
852.243164	5535.762695
853.404297	5513.337891
854.564453	5393.965332
855.724609	5550.331055
856.884766	5491.255371
858.044922	5468.797852
859.204102	5556.291504
860.363281	5510.115234
861.522461	5524.315918
862.680664	5566.571289
863.838867	5535.470703
864.997070	5506.514648
866.155273	5512.089355
867.313477	5619.165527
868.470703	5672.289063
869.627930	5485.616211
870.784180	5558.182129
871.941406	5587.549805
873.097656	5599.634766
874.252930	5620.374512
875.409180	5617.330078
876.564453	5661.881348
877.719727	5684.812012
878.875000	5714.246582
880.029297	5683.074707
881.184570	5757.996094
882.338867	5672.669434
883.492188	5684.794434
884.646484	5783.603027
885.799805	5843.441895
886.953125	5909.811035
888.105469	5898.146484
889.257813	5819.239258
890.410156	5926.866211
891.562500	6099.639648
892.714844	6005.529785
893.866211	5939.599121
895.017578	6034.321289
896.168945	6048.725586
897.319336	6032.723145
898.469727	6170.987305
899.620117	6135.443848
900.770508	5954.233887
901.919922	5999.075684
903.069336	5926.494629
904.218750	5993.102539
905.368164	5872.617676
906.516602	5847.836426
907.665039	5816.513184
908.813477	5813.479980
909.960938	5832.223633
911.108398	5722.454102
912.255859	5780.403320
913.403320	5790.433594
914.549805	5695.836914
915.696289	5686.229004
916.842773	5772.570801
917.989258	5712.805176
919.134766	5690.102051
920.280273	5815.783203
921.425781	5902.231445
922.571289	5641.577637
923.715820	5821.926270
924.860352	5801.403809
926.004883	5737.176758
927.148438	5734.106934
928.292969	5735.407227
929.435547	5883.185547
930.579102	5853.904297
931.722656	5822.422363
932.865234	5860.932617
934.007813	5853.507324
935.149414	5778.228027
936.291992	5934.971191
937.433594	5859.674805
938.575195	5828.147949
939.715820	5892.998047
940.856445	5813.256836
941.998047	5829.914063
943.137695	5704.085938
944.278320	5867.635254
945.417969	5912.826172
946.557617	5905.388184
947.697266	6009.849609
948.835938	6011.208496
949.974609	5839.148438
951.113281	6018.316895
952.251953	5955.988281
953.389648	6018.839844
954.528320	5969.665039
955.665039	6012.768066
956.802734	6000.937012
957.939453	6085.839844
959.077148	6122.399902
960.212891	6167.773926
961.349609	6270.371582
962.485352	6166.156250
963.621094	6279.804199
964.756836	6369.285156
965.892578	6280.434570
967.027344	6286.255371
968.162109	6192.938965
969.296875	6258.238770
970.430664	6202.342285
971.564453	6188.307129
972.698242	6163.239746
973.832031	6151.394043
974.964844	5982.910156
976.097656	6072.520508
977.230469	6091.543945
978.363281	5892.024902
979.495117	6069.996582
980.627930	6058.110352
981.758789	6083.772461
982.890625	6021.062988
984.021484	6075.458008
985.152344	6176.298828
986.283203	6084.822754
987.414063	6077.343262
988.543945	6049.952148
989.673828	6082.286621
990.803711	6296.104492
991.932617	6129.289063
993.062500	6203.728027
994.191406	6182.974609
995.319336	6222.017578
996.448242	6265.508301
997.576172	6473.003906
998.704102	6445.640625
999.832031	6551.285645
1000.958984	6404.180664
1002.085938	6434.449707
1003.212891	6504.665527
1004.339844	6428.457520
1005.465820	6463.189453
1006.592773	6522.356934
1007.717773	6279.562500
1008.843750	6407.564941
1009.969727	6306.810059
1011.094727	6286.001465
1012.218750	6256.292969
1013.343750	6153.211914
1014.467773	6343.583496
1015.592773	6422.840820
1016.715820	6446.520996
1017.839844	6512.485840
1018.962891	6585.155762
1020.085938	6898.261719
1021.208984	6975.501953
1022.332031	7110.676758
1023.454102	7020.938477
1024.576172	6855.409180
1025.698242	6694.262207
1026.819336	6564.247559
1027.941406	6516.664063
1029.062500	6428.919434
1030.182617	6370.130859
1031.303711	6266.696777
1032.423828	6254.704590
1033.543945	6347.607422
1034.664063	6250.794434
1035.783203	6339.270508
1036.903320	6202.209961
1038.022461	6324.222168
1039.140625	6339.036133
1040.259766	6228.701172
1041.377930	6250.205566
1042.496094	6296.313477
1043.614258	6129.983398
1044.731445	6339.377930
1045.848633	6445.944824
1046.965820	6342.195801
1048.083008	6421.948730
1049.199219	6374.119629
1050.315430	6397.928711
1051.431641	6432.947754
1052.547852	6459.019531
1053.663086	6496.307129
1054.779297	6441.713867
1055.893555	6635.943848
1057.008789	6637.415527
1058.123047	6517.771973
1059.238281	6633.628418
1060.351563	6511.686035
1061.465820	6560.260254
1062.580078	6590.896484
1063.693359	6617.055176
1064.806641	6591.569824
1065.918945	6631.216797
1067.032227	6587.747559
1068.144531	6656.625000
1069.256836	6743.515137
1070.368164	6857.423340
1071.480469	6829.704590
1072.591797	6905.442383
1073.702148	7023.959473
1074.813477	7039.013184
1075.923828	7148.607422
1077.035156	7136.677734
1078.144531	7095.469238
1079.254883	6937.121094
1080.364258	7024.258789
1081.474609	6802.730957
1082.583008	6711.825684
1083.692383	6695.270996
1084.800781	6620.083984
1085.909180	6777.158691
1087.017578	6541.793945
1088.125977	6543.234863
1089.233398	6704.907715
1090.340820	6577.719238
1091.448242	6588.198242
1092.555664	6576.098633
1093.662109	6541.405273
1094.768555	6540.584961
1095.875000	6632.414063
1096.981445	6559.283691
1098.086914	6653.416992
1099.192383	6682.014160
1100.297852	6588.488281
1101.403320	6465.511719
1102.507813	6498.610352
1103.612305	6529.458984
1104.716797	6607.859375
1105.821289	6539.118164
1106.924805	6597.171387
1108.028320	6612.209473
1109.131836	6591.001953
1110.235352	6556.187500
1111.337891	6612.025879
1112.440430	6590.802246
1113.542969	6637.600098
1114.645508	6750.196289
1115.747070	6676.807129
1116.848633	6682.806641
1117.950195	6679.729980
1119.051758	6799.241699
1120.152344	6753.043945
1121.252930	6640.961426
1122.353516	6799.159668
1123.454102	6764.290527
1124.553711	6761.223145
1125.654297	6805.890625
1126.753906	6857.397949
1127.852539	6988.522949
1128.952148	6871.765625
1130.050781	6761.782227
1131.149414	6943.034668
1132.248047	6996.900391
1133.345703	7091.769043
1134.443359	7286.872559
1135.541016	7306.681641
1136.638672	7451.796875
1137.735352	7576.466309
1138.833008	7812.867188
1139.929688	7980.980957
1141.025391	8099.004883
1142.122070	8226.201172
1143.217773	8271.332031
1144.313477	8416.873047
1145.409180	8505.422852
1146.503906	8498.141602
1147.599609	8655.239258
1148.694336	8410.491211
1149.789063	8140.511230
1150.882813	7952.658203
1151.976563	7703.025391
1153.070313	7567.562500
1154.164063	7320.021973
1155.257813	7207.281250
1156.350586	7073.907227
1157.443359	6977.075684
1158.536133	7008.332520
1159.628906	7101.394043
1160.720703	6967.878418
1161.812500	6795.381836
1162.904297	6879.294922
1163.996094	6851.006836
1165.086914	6861.653809
1166.177734	6918.135254
1167.268555	6782.109863
1168.359375	6737.726074
1169.449219	6750.647949
1170.540039	6752.106934
1171.628906	6698.509766
1172.718750	6713.724121
1173.808594	6809.269043
1174.897461	6817.625488
1175.986328	6848.945313
1177.075195	6852.719727
1178.163086	6833.524902
1179.250977	6798.239258
1180.338867	6852.558594
1181.426758	6893.109863
1182.514648	6968.162109
1183.601563	6799.503418
1184.688477	6796.368164
1185.775391	6912.854004
1186.862305	6780.887695
1187.948242	6768.538086
1189.034180	6882.789551
1190.120117	6907.294434
1191.205078	6869.629883
1192.291016	6825.038574
1193.375977	6932.485840
1194.460938	6880.974121
1195.545898	6787.950684
1196.629883	6883.930176
1197.713867	6940.750000
1198.797852	6870.741699
1199.881836	6872.215820
1200.964844	6836.771973
1202.048828	6868.240723
1203.131836	6872.021973
1204.213867	6785.758301
1205.296875	6777.975098
1206.378906	6827.934082
1207.460938	6882.534668
1208.542969	6916.360352
1209.625000	7028.785156
1210.706055	6986.364746
1211.787109	7047.979980
1212.868164	6956.974609
1213.949219	6958.462402
1215.029297	7008.540039
1216.109375	6961.437500
1217.189453	7062.461426
1218.269531	7096.384277
1219.348633	7141.899902
1220.428711	7048.457031
1221.507813	6945.706543
1222.585938	7107.080566
1223.665039	7078.465820
1224.743164	6991.881348
1225.821289	6970.184570
1226.899414	7050.524902
1227.976563	7077.544434
1229.054688	7183.463379
1230.131836	7175.710449
1231.208984	7084.389160
1232.285156	7204.305176
1233.362305	7245.315918
1234.438477	7337.443359
1235.514648	7264.661133
1236.590820	7219.731934
1237.666016	7172.458984
1238.741211	7167.009277
1239.816406	7424.301758
1240.891602	7349.131836
1241.965820	7376.280273
1243.041016	7387.152832
1244.115234	7381.739258
1245.189453	7418.220215
1246.262695	7254.496094
1247.336914	7414.381836
1248.410156	7583.651367
1249.483398	7520.029297
1250.555664	7654.439453
1251.628906	7637.416016
1252.701172	7776.568848
1253.773438	7824.847656
1254.845703	7866.149414
1255.916992	8103.405273
1256.988281	8063.124512
1258.059570	8316.855469
1259.130859	8573.027344
1260.202148	8983.387695
1261.272461	9319.199219
1262.342773	9603.769531
1263.413086	10051.982422
1264.483398	10187.287109
1265.552734	10680.213867
1266.622070	11089.196289
1267.691406	11414.181641
1268.760742	11381.511719
1269.829102	11334.793945
1270.898438	11255.300781
1271.966797	11140.673828
1273.034180	10614.073242
1274.102539	10412.644531
1275.169922	10159.618164
1276.237305	9794.070313
1277.304688	9440.079102
1278.372070	9245.258789
1279.438477	8811.324219
1280.505859	8714.732422
1281.572266	8444.612305
1282.637695	8308.037109
1283.704102	8309.783203
1284.769531	8062.863770
1285.834961	7930.812988
1286.900391	7817.480957
1287.964844	7924.754395
1289.030273	7701.021973
1290.094727	7704.986328
1291.159180	7805.254883
1292.222656	7762.253906
1293.287109	7636.990234
1294.350586	7697.349609
1295.414063	7597.876953
1296.477539	7712.332031
1297.540039	7537.561523
1298.603516	7692.039551
1299.666016	7641.888672
1300.728516	7699.966797
1301.790039	7447.369629
1302.852539	7646.686523
1303.914063	7537.611816
1304.975586	7656.950684
1306.036133	7606.724609
1307.097656	7598.889160
1308.158203	7532.131348
1309.218750	7561.991211
1310.279297	7561.212402
1311.338867	7565.148926
1312.399414	7356.803223
1313.458984	7554.151367
1314.518555	7558.086914
1315.577148	7543.142090
1316.636719	7580.124512
1317.695313	7499.063965
1318.753906	7557.306152
1319.812500	7537.621094
1320.870117	7515.564941
1321.928711	7644.738770
1322.986328	7750.330078
1324.043945	7652.649902
1325.100586	7640.054688
1326.158203	7499.737793
1327.214844	7576.996094
1328.271484	7696.875977
1329.328125	7797.872070
1330.383789	7593.557129
1331.439453	7566.724121
1332.495117	7850.094238
1333.550781	7820.933105
1334.606445	7886.520508
1335.661133	7776.789551
1336.715820	7858.983887
1337.770508	7858.243652
1338.825195	7938.116211
1339.878906	7920.790527
1340.933594	7882.108398
1341.987305	8059.305176
1343.041016	8098.942383
1344.093750	8095.873047
1345.147461	8130.785156
1346.200195	8265.437500
1347.252930	8207.774414
1348.304688	8235.602539
1349.357422	8239.682617
1350.409180	8476.651367
1351.460938	8397.588867
1352.512695	8306.607422
1353.564453	8324.968750
1354.615234	8383.770508
1355.666016	8314.135742
1356.716797	8196.885742
1357.767578	8022.469238
1358.817383	8088.394043
1359.867188	7959.117676
1360.916992	7944.090820
1361.966797	7914.766113
1363.016602	7990.249512
1364.065430	7965.686523
1365.114258	7883.913574
1366.163086	7906.992188
1367.211914	7975.380859
1368.259766	8010.410156
1369.308594	8205.265625
1370.356445	8035.181152
1371.404297	8032.062988
1372.451172	8164.985840
1373.499023	8202.473633
1374.545898	8366.525391
1375.592773	8210.625000
1376.638672	8305.471680
1377.685547	8350.184570
1378.731445	8416.420898
1379.777344	8324.934570
1380.823242	8171.251953
1381.869141	8170.539063
1382.914063	8186.566406
1383.958984	8166.717773
1385.003906	8288.024414
1386.048828	8079.131348
1387.092773	8047.278320
1388.137695	8017.805664
1389.181641	7909.298828
1390.225586	7874.994141
1391.268555	7926.915039
1392.312500	7940.519531
1393.355469	7930.163574
1394.398438	7843.097656
1395.441406	8048.493164
1396.483398	7875.085938
1397.526367	7879.096191
1398.568359	7892.703613
1399.610352	7851.127441
1400.651367	7843.133301
1401.693359	7911.950195
1402.734375	7853.543945
1403.775391	7922.390137
1404.816406	7885.578125
1405.856445	7952.054688
1406.897461	8008.946777
1407.937500	7952.900391
1408.977539	8017.025879
1410.017578	8052.323730
1411.056641	8135.733398
1412.095703	8204.744141
1413.134766	8177.547852
1414.173828	8150.339355
1415.212891	8291.598633
1416.250977	8339.029297
1417.289063	8352.767578
1418.327148	8484.519531
1419.365234	8558.512695
1420.403320	8449.428711
1421.440430	8619.834961
1422.477539	8696.309570
1423.514648	8654.685547
1424.551758	8707.083984
1425.587891	8911.443359
1426.625000	8865.011719
1427.661133	8881.291992
1428.696289	8936.189453
1429.732422	8991.108398
1430.767578	8860.154297
1431.803711	8813.661133
1432.837891	8842.019531
1433.873047	8809.997070
1434.908203	8748.965820
1435.942383	8895.743164
1436.976563	8902.383789
1438.010742	8971.884766
1439.044922	8874.562500
1440.078125	9055.341797
1441.111328	9081.371094
1442.144531	9126.766602
1443.177734	9157.658203
1444.210938	9278.125000
1445.243164	9335.690430
1446.275391	9170.495117
1447.307617	9165.086914
1448.339844	9389.819336
1449.372070	9476.528320
1450.403320	9386.353516
1451.434570	9429.462891
1452.465820	9460.466797
1453.497070	9396.907227
1454.527344	9362.426758
1455.557617	9211.484375
1456.587891	9305.553711
1457.618164	9358.403320
1458.648438	9297.181641
1459.677734	9248.075195
1460.707031	9099.381836
1461.736328	8972.487305
1462.765625	8940.289063
1463.793945	8891.067383
1464.823242	8698.431641
1465.851563	8539.750000
1466.879883	8500.140625
1467.907227	8436.197266
1468.935547	8350.334961
1469.962891	8271.736328
1470.990234	8210.138672
1472.017578	8311.583008
1473.044922	8267.007813
1474.071289	8249.197266
1475.097656	8245.990234
1476.124023	8245.217773
1477.150391	8261.498047
1478.176758	8358.199219
1479.202148	8269.704102
1480.227539	8466.393555
1481.252930	8502.235352
1482.278320	8560.040039
1483.302734	8576.399414
1484.328125	8763.547852
1485.352539	8745.791016
1486.375977	8959.894531
1487.400391	8878.697266
1488.424805	8983.036133
1489.448242	9150.914063
1490.471680	9240.692383
1491.495117	9191.245117
1492.517578	9156.438477
1493.541016	9202.275391
1494.563477	9297.023438
1495.585938	9174.190430
1496.608398	9139.350586
1497.629883	9136.295898
1498.651367	8810.284180
1499.673828	8743.536133
1500.695313	8598.436523
1501.715820	8394.524414
