343.214844	2558.009277
344.489258	3042.540283
345.763672	3155.006836
347.037109	3147.809082
348.310547	3197.532227
349.583984	3290.468750
350.857422	3289.186768
352.129883	3346.827637
353.402344	3339.663818
354.674805	3348.216797
355.947266	3317.467285
357.218750	3365.334473
358.490234	3432.883545
359.761719	3421.798828
361.033203	3503.156982
362.303711	3460.605225
363.574219	3571.522949
364.843750	3609.664063
366.114258	3624.198242
367.383789	3644.645996
368.653320	3592.233887
369.921875	3618.593750
371.191406	3637.083740
372.459961	3671.347412
373.728516	3680.001709
374.996094	3757.662109
376.263672	3689.434326
377.531250	3723.739014
378.798828	3730.440186
380.065430	3827.909424
381.333008	3704.380859
382.598633	3766.354492
383.865234	3800.713135
385.130859	3823.237793
386.396484	3739.109863
387.662109	3801.144531
388.927734	3794.043701
390.192383	3824.493164
391.457031	3928.101074
392.721680	3891.363525
393.985352	3987.119385
395.249023	3934.554199
396.512695	3994.746094
397.776367	3936.223877
399.039063	3942.997803
400.301758	3935.916260
401.564453	3905.068848
402.826172	3894.015625
404.087891	3908.711914
405.349609	3923.415039
406.611328	3953.980225
407.872070	4002.400146
409.132813	4092.479492
410.393555	4077.487305
411.654297	4018.849121
412.914063	4079.229736
414.173828	4042.396484
415.433594	4202.054199
416.692383	4111.628418
417.951172	4172.081543
419.209961	4101.472656
420.468750	4257.308105
421.726563	4196.623047
422.984375	4362.483398
424.242188	4248.122559
425.500000	4270.906738
426.756836	4413.025391
428.013672	4413.974609
429.270508	4357.226074
430.526367	4413.885254
431.782227	4454.645020
433.038086	4465.559570
434.293945	4472.496582
435.548828	4497.362793
436.803711	4502.317871
438.058594	4471.408691
439.312500	4490.312012
440.566406	4509.224121
441.820313	4552.071289
443.074219	4620.863281
444.327148	4571.995117
445.580078	4604.908203
446.833008	4591.937012
448.085938	4654.810547
449.337891	4625.873047
450.589844	4574.957031
451.841797	4611.902832
453.092773	4672.838379
454.343750	4649.875488
455.594727	4644.890625
456.845703	4713.870117
458.095703	4682.903809
459.345703	4783.921875
460.595703	4742.955566
461.844727	4753.993652
463.093750	4670.976563
464.342773	4673.997070
465.591797	4695.038574
466.839844	4664.022461
468.087891	4693.083496
469.335938	4796.285645
470.583984	4691.127930
471.831055	4694.158203
473.078125	4725.257324
474.324219	4922.802734
475.571289	4835.631836
476.817383	4804.594238
478.063477	4759.497070
479.308594	4798.673340
480.554688	4882.029785
481.799805	4877.078125
483.043945	4860.074219
484.289063	4907.342773
485.533203	4980.751465
486.777344	4951.702148
488.020508	4924.650391
489.264648	5046.363770
490.507813	4906.708496
491.750000	4990.255859
492.993164	4995.378906
494.235352	5072.946289
495.477539	5023.746582
496.719727	5097.328125
497.960938	5160.874512
499.202148	5119.718750
500.443359	5161.139160
501.683594	5204.592773
502.924805	5181.558105
504.165039	5136.339355
505.404297	5171.751953
506.644531	5231.380859
507.883789	5028.804199
509.123047	5060.182129
510.361328	5158.169434
511.599609	5236.015625
512.837891	5281.593262
514.076172	5377.676270
515.313477	5231.419434
516.551758	5307.331055
517.788086	5328.716309
519.025391	5277.348145
520.261719	5108.702148
521.498047	5322.157227
522.734375	5242.437988
523.969727	5261.810547
525.206055	5343.918457
526.441406	5310.701172
527.675781	5392.856445
528.910156	5475.048828
530.145508	5407.409668
531.378906	5453.179688
532.613281	5357.139648
533.846680	5299.562012
535.080078	5434.529297
536.313477	5437.769043
537.545898	5449.122070
538.778320	5531.474609
540.010742	5526.623047
541.242188	5509.593262
542.473633	5543.300293
543.705078	5534.388184
544.936523	5507.195801
546.166992	5575.454102
547.398438	5564.511719
548.627930	5606.397461
549.858398	5512.125000
551.087891	5427.975098
552.317383	5658.965332
553.546875	5564.641113
554.775391	5602.505859
556.003906	5701.430176
557.232422	5598.912109
558.460938	5467.848145
559.688477	5634.001953
560.916016	5559.911621
562.143555	5563.196777
563.370117	5588.895996
564.596680	5643.138184
565.823242	5626.059570
567.049805	5566.157227
568.275391	5571.486816
569.500977	5527.863281
570.726563	5453.616699
571.951172	5501.779785
573.176758	5533.635254
574.400391	5494.047852
575.625000	5554.505371
576.848633	5523.074707
578.072266	5505.931152
579.295898	5603.214844
580.519531	5528.851563
581.742188	5681.383301
582.964844	5737.875000
584.186523	5667.582520
585.409180	5593.166992
586.630859	5713.110352
587.852539	5622.297852
589.073242	5580.576172
590.293945	5592.074219
591.514648	5642.490723
592.735352	5723.658691
593.955078	5866.333984
595.174805	5724.195801
596.394531	5692.689941
597.614258	5741.136230
598.833008	5840.875977
600.051758	5913.993164
601.270508	5884.554199
602.488281	5957.714355
603.706055	5815.371582
604.923828	5956.304688
606.141602	5916.580078
607.358398	5901.486816
608.575195	5911.041504
609.791992	5959.646484
611.007813	5884.942871
612.223633	5871.884277
613.439453	5823.860352
614.655273	5829.294434
615.870117	5954.059082
617.084961	5877.210938
618.299805	5907.360352
619.513672	5813.996582
620.727539	5815.315918
621.941406	5826.934082
623.155273	5861.219727
624.368164	5856.368164
625.581055	5802.047852
626.793945	5749.764160
628.005859	5819.118164
629.218750	5874.065430
630.430664	5809.384766
631.641602	5765.308594
632.853516	5803.770020
634.064453	5817.475586
635.274414	5767.176758
636.485352	5764.357422
637.695313	5804.918945
638.905273	5876.492676
640.115234	5884.030273
641.324219	5821.285156
642.533203	5688.210449
643.742188	5741.208984
644.951172	5709.417969
646.159180	5826.587402
647.367188	5730.644531
648.574219	5678.128418
649.782227	5753.960449
650.989258	5765.626465
652.196289	5833.226563
653.402344	5801.405273
654.609375	5792.365234
655.815430	5837.215820
657.020508	5761.833008
658.226563	5800.475586
659.431641	5841.209473
660.636719	5859.140137
661.840820	5877.078125
663.045898	5828.602051
664.250000	5910.902832
665.454102	5833.338379
666.657227	5824.284180
667.860352	5831.846191
669.063477	5770.834961
670.266602	5803.330566
671.468750	5794.260254
672.670898	5820.537598
673.873047	5699.147949
675.074219	5871.046875
676.276367	5903.601563
677.477539	5917.438965
678.677734	5870.907227
679.878906	5903.484375
681.079102	5859.010742
682.279297	5854.099609
683.478516	5828.348633
684.677734	5869.281738
685.876953	5910.233398
687.076172	5798.982910
688.274414	5779.452148
689.473633	5920.546875
690.670898	5997.020020
691.869141	5935.777832
693.066406	5970.537109
694.263672	5934.317383
695.460938	6019.216797
696.657227	5851.382324
697.854492	5976.001953
699.049805	5954.379883
700.246094	5997.551758
701.441406	5963.377930
702.636719	5950.102539
703.832031	5917.994141
705.027344	5942.364746
706.221680	6002.325195
707.416016	5976.485840
708.609375	5973.666504
709.803711	5968.751465
710.997070	5999.444824
712.190430	6007.104492
713.382813	5951.895020
714.575195	5867.313477
715.767578	5856.077148
716.959961	6031.483887
718.152344	5978.326172
719.343750	5954.518066
720.535156	5972.670898
721.725586	5906.868164
722.916016	5969.109375
724.106445	5993.577637
725.296875	5961.341797
726.487305	6021.536621
727.676758	6031.322266
728.866211	6043.214355
730.054688	6040.394531
731.244141	6134.308594
732.432617	6057.887207
733.620117	6132.912598
734.808594	6010.158691
735.996094	6036.794922
737.183594	5970.807129
738.371094	6037.456543
739.557617	6064.116699
740.744141	6204.556152
741.930664	6094.291992
743.117188	6051.425293
744.302734	6111.844238
745.488281	6201.812500
746.673828	6142.066406
747.858398	6135.035645
749.042969	6159.654297
750.227539	6194.837402
751.412109	6219.480469
752.595703	6197.678711
753.779297	6131.511230
754.962891	6185.732422
756.145508	6149.114746
757.329102	6104.025879
758.510742	6122.338379
759.693359	6045.503418
760.875977	6080.730469
762.057617	6154.052246
763.238281	6155.463379
764.419922	6089.146973
765.600586	6113.829590
766.781250	6193.577637
767.961914	6349.607910
769.141602	6344.708496
770.322266	6308.022949
771.500977	6339.140625
772.680664	6293.956543
773.859375	6384.455566
775.038086	6231.096191
776.216797	6224.039551
777.395508	6303.974609
778.573242	6311.786621
779.750977	6325.970703
780.928711	6335.914063
782.105469	6314.005371
783.282227	6283.588379
784.458984	6353.021484
785.635742	6307.722168
786.811523	6409.077637
787.987305	6425.430176
789.163086	6369.481934
790.337891	6426.249023
791.512695	6502.190918
792.687500	6482.399414
793.862305	6441.312500
795.036133	6398.076660
796.209961	6429.357910
797.383789	6473.433594
798.557617	6376.909180
799.730469	6348.535156
800.903320	6416.068848
802.076172	6351.444824
803.248047	6440.335449
804.419922	6469.540527
805.591797	6366.479492
806.763672	6410.618652
807.934570	6405.683594
809.105469	6289.725586
810.276367	6491.903320
811.446289	6529.701660
812.617188	6443.602051
813.787109	6434.393066
814.956055	6361.056152
816.125977	6405.271484
817.294922	6415.291992
818.463867	6391.094238
819.631836	6435.345703
820.800781	6411.140137
821.968750	6401.906250
823.135742	6521.120117
824.303711	6492.633789
825.470703	6402.020020
826.637695	6519.172363
827.804688	6488.521973
828.970703	6588.600098
830.136719	6637.271973
831.302734	6484.400391
832.468750	6515.911133
833.633789	6556.017578
834.798828	6587.558594
835.963867	6524.677246
837.127930	6474.647461
838.291992	6551.282227
839.456055	6496.938965
840.620117	6612.281738
841.783203	6514.952148
842.947266	6555.127930
844.109375	6588.872559
845.272461	6648.434570
846.434570	6486.501465
847.596680	6578.333984
848.758789	6569.079102
849.920898	6574.884766
851.082031	6597.914063
852.243164	6608.034180
853.404297	6575.085938
854.564453	6746.765137
855.724609	6728.914551
856.884766	6721.831055
858.044922	6669.476074
859.204102	6670.999512
860.363281	6659.583008
861.522461	6678.360840
862.680664	6714.406738
863.838867	6750.468750
864.997070	6661.350098
866.155273	6647.756836
867.313477	6651.433594
868.470703	6639.991211
869.627930	6706.322754
870.784180	6720.818848
871.941406	6618.599121
873.097656	6773.612305
874.252930	6777.319824
875.409180	6763.724121
876.564453	6654.928223
877.719727	6630.477539
878.875000	6789.996582
880.029297	6726.595215
881.184570	6801.754395
882.338867	6744.823730
883.492188	6785.356934
884.646484	6864.913574
885.799805	6940.170898
886.953125	6954.759277
888.105469	6919.479980
889.257813	6973.110352
890.410156	7098.355469
891.562500	7050.063477
892.714844	7116.780762
893.866211	7035.906738
895.017578	7117.849609
896.168945	7215.033203
897.319336	7270.984375
898.469727	7213.971191
899.620117	7085.209473
900.770508	7112.907715
901.919922	7190.627930
903.069336	7092.219727
904.218750	6928.505371
905.368164	7045.400391
906.516602	6822.838379
907.665039	6935.408203
908.813477	6932.629395
909.960938	6827.491211
911.108398	6824.685547
912.255859	6911.209961
913.403320	6827.786133
914.549805	6851.134766
915.696289	6754.577148
916.842773	6808.449707
917.989258	6919.059570
919.134766	6944.629883
920.280273	6747.618164
921.425781	6901.943359
922.571289	6842.377441
923.715820	6885.421387
924.860352	6745.005859
926.004883	6855.773438
927.148438	6846.401367
928.292969	6871.996582
929.435547	6967.562988
930.579102	6962.581543
931.722656	6935.725586
932.865234	7042.307617
934.007813	6930.115234
935.149414	7003.912598
936.291992	6871.956543
937.433594	6965.480469
938.575195	6881.639160
939.715820	6907.294434
940.856445	7007.461914
941.998047	6855.628418
943.137695	6990.903320
944.278320	6867.501465
945.417969	7094.952637
946.557617	7000.035156
947.697266	6966.510742
948.835938	6994.421875
949.974609	7024.539551
951.113281	7034.909668
952.251953	6915.710449
953.389648	7150.118164
954.528320	7140.747559
955.665039	7155.545898
956.802734	7238.492676
957.939453	7134.592285
959.077148	7166.990234
960.212891	7177.406250
961.349609	7355.036133
962.485352	7422.714355
963.621094	7468.410645
964.756836	7428.264160
965.892578	7522.427734
967.027344	7319.280762
968.162109	7378.211426
969.296875	7335.801758
970.430664	7474.108887
971.564453	7323.675293
972.698242	7265.787109
973.832031	7251.984375
974.964844	7125.664063
976.097656	7114.028320
977.230469	7106.801270
978.363281	7229.816895
979.495117	7171.825684
980.627930	7202.150391
981.758789	7130.870605
982.890625	7220.856934
984.021484	7118.606934
985.152344	7115.786133
986.283203	7168.239258
987.414063	7165.426758
988.543945	7244.458008
989.673828	7281.485840
990.803711	7291.973145
991.932617	7320.172852
993.062500	7392.665039
994.191406	7288.026367
995.319336	7482.369141
996.448242	7475.185547
997.576172	7510.102539
998.704102	7458.590332
999.832031	7526.772949
1000.958984	7579.462891
1002.085938	7470.260742
1003.212891	7678.255859
1004.339844	7517.988770
1005.465820	7623.989258
1006.592773	7592.396484
1007.717773	7420.897461
1008.843750	7689.077637
1009.969727	7508.636230
1011.094727	7343.667480
1012.218750	7331.975098
1013.343750	7458.102051
1014.467773	7377.500977
1015.592773	7332.446777
1016.715820	7472.002930
1017.839844	7544.871582
1018.962891	7700.114746
1020.085938	7937.786621
1021.208984	8073.146973
1022.332031	8115.035156
1023.454102	8036.658203
1024.576172	7927.054199
1025.698242	7850.827148
1026.819336	7743.360352
1027.941406	7504.307617
1029.062500	7537.200195
1030.182617	7599.102051
1031.303711	7567.332031
1032.423828	7502.075195
1033.543945	7385.454590
1034.664063	7500.953613
1035.783203	7471.363281
1036.903320	7593.631348
1038.022461	7532.771973
1039.140625	7655.106934
1040.259766	7609.876953
1041.377930	7524.389160
1042.496094	7429.918457
1043.614258	7543.390625
1044.731445	7605.463867
1045.848633	7591.492676
1046.965820	7667.030273
1048.083008	7451.609375
1049.199219	7542.820313
1050.315430	7589.282715
1051.431641	7653.684570
1052.547852	7543.364258
1053.663086	7686.213379
1054.779297	7692.401367
1055.893555	7655.996094
1057.008789	7671.147949
1058.123047	7735.648926
1059.238281	7831.584961
1060.351563	7707.664063
1061.465820	7841.789063
1062.580078	7787.404785
1063.693359	7793.620117
1064.806641	7736.953125
1065.918945	7756.636719
1067.032227	7780.821777
1068.144531	7856.705566
1069.256836	7912.391602
1070.368164	7898.402832
1071.480469	8010.341797
1072.591797	7951.380371
1073.702148	8124.124512
1074.813477	8092.164551
1075.923828	8125.463379
1077.035156	8230.818359
1078.144531	8261.909180
1079.254883	8142.107910
1080.364258	8071.814941
1081.474609	7924.877441
1082.583008	7831.965820
1083.692383	7856.235840
1084.800781	7824.145996
1085.909180	7796.551270
1087.017578	7712.549316
1088.125977	7829.319336
1089.233398	7860.381836
1090.340820	7765.049316
1091.448242	7877.390137
1092.555664	7727.819336
1093.662109	7865.045898
1094.768555	7796.738770
1095.875000	7753.258301
1096.981445	7594.484375
1098.086914	7702.409180
1099.192383	7713.146973
1100.297852	7714.841797
1101.403320	7727.847656
1102.507813	7731.807617
1103.612305	7695.029785
1104.716797	7696.718750
1105.821289	7736.899902
1106.924805	7765.773926
1108.028320	7830.903809
1109.131836	7864.341309
1110.235352	7784.480957
1111.337891	7953.924805
1112.440430	7905.788574
1113.542969	7909.788086
1114.645508	8063.490723
1115.747070	7920.058594
1116.848633	7860.523926
1117.950195	7975.729004
1119.051758	7916.178711
1120.152344	7949.699707
1121.252930	7971.878906
1122.353516	8075.847656
1123.454102	8091.246094
1124.553711	8102.104492
1125.654297	8147.064941
1126.753906	8210.233398
1127.852539	8096.043457
1128.952148	8116.007813
1130.050781	8258.838867
1131.149414	8146.857910
1132.248047	8273.823242
1133.345703	8323.437500
1134.443359	8498.315430
1135.541016	8527.499023
1136.638672	8643.263672
1137.735352	8786.422852
1138.833008	9004.853516
1139.929688	9031.889648
1141.025391	9198.025391
1142.122070	9341.424805
1143.217773	9519.103516
1144.313477	9621.564453
1145.409180	9571.168945
1146.503906	9586.944336
1147.599609	9568.480469
1148.694336	9488.349609
1149.789063	9383.058594
1150.882813	9245.736328
1151.976563	9012.379883
1153.070313	8735.495117
1154.164063	8428.769531
1155.257813	8435.170898
1156.350586	8334.083008
1157.443359	8232.949219
1158.536133	8257.614258
1159.628906	8186.169922
1160.720703	8043.733398
1161.812500	8054.633789
1162.904297	7948.745605
1163.996094	7996.277344
1165.086914	8043.828613
1166.177734	8082.233398
1167.268555	7951.043945
1168.359375	7957.348633
1169.449219	7885.692383
1170.540039	8047.942871
1171.628906	7946.451172
1172.718750	7973.407715
1173.808594	8078.404785
1174.897461	7986.033691
1175.986328	7925.765625
1177.075195	7920.586426
1178.163086	7972.828613
1179.250977	7953.871094
1180.338867	8098.060547
1181.426758	7920.525391
1182.514648	8055.572754
1183.601563	7949.233398
1184.688477	8059.043457
1185.775391	8010.168945
1186.862305	8090.125977
1187.948242	7967.589355
1189.034180	8093.607910
1190.120117	7989.437012
1191.205078	8051.031250
1192.291016	8218.608398
1193.375977	8072.924805
1194.460938	8102.312012
1195.545898	8226.212891
1196.629883	8126.541992
1197.713867	8091.392578
1198.797852	8201.529297
1199.881836	8138.696777
1200.964844	8105.832031
1202.048828	8114.494141
1203.131836	8155.476563
1204.213867	8224.181641
1205.296875	8057.360840
1206.378906	8116.833496
1207.460938	8231.779297
1208.542969	8219.676758
1209.625000	8073.510742
1210.706055	8156.152832
1211.787109	8181.021484
1212.868164	8159.643066
1213.949219	8316.380859
1215.029297	8193.212891
1216.109375	8190.334961
1217.189453	8231.436523
1218.269531	8251.717773
1219.348633	8253.479492
1220.428711	8396.535156
1221.507813	8301.022461
1222.585938	8249.497070
1223.665039	8214.172852
1224.743164	8213.606445
1225.821289	8224.631836
1226.899414	8309.878906
1227.976563	8244.376953
1229.054688	8454.955078
1230.131836	8319.832031
1231.208984	8412.131836
1232.285156	8339.626953
1233.362305	8371.590820
1234.438477	8484.862305
1235.514648	8344.951172
1236.590820	8428.055664
1237.666016	8371.742188
1238.741211	8345.625000
1239.816406	8728.728516
1240.891602	8670.115234
1241.965820	8653.346680
1243.041016	8592.364258
1244.115234	8489.465820
1245.189453	8756.619141
1246.262695	8567.569336
1247.336914	8543.770508
1248.410156	8522.291016
1249.483398	8673.193359
1250.555664	8735.614258
1251.628906	8767.762695
1252.701172	8806.917969
1253.773438	8981.321289
1254.845703	9039.192383
1255.916992	9330.345703
1256.988281	9462.972656
1258.059570	9530.314453
1259.130859	9833.423828
1260.202148	10052.617188
1261.272461	10386.319336
1262.342773	10622.068359
1263.413086	11264.386719
1264.483398	11306.486328
1265.552734	11743.560547
1266.622070	12117.705078
1267.691406	12456.935547
1268.760742	12188.296875
1269.829102	12321.851563
1270.898438	12209.814453
1271.966797	12018.168945
1273.034180	11805.376953
1274.102539	11430.967773
1275.169922	11283.521484
1276.237305	10859.661133
1277.304688	10630.043945
1278.372070	10358.157227
1279.438477	10048.659180
1280.505859	9896.073242
1281.572266	9769.210938
1282.637695	9532.083008
1283.704102	9325.345703
1284.769531	9259.273438
1285.834961	9247.140625
1286.900391	9181.022461
1287.964844	8995.159180
1289.030273	9140.267578
1290.094727	9090.521484
1291.159180	8876.333984
1292.222656	9059.095703
1293.287109	9075.093750
1294.350586	9044.091797
1295.414063	8963.708008
1296.477539	8953.829102
1297.540039	9019.204102
1298.603516	9068.138672
1299.666016	9030.039063
1300.728516	8991.923828
1301.790039	8984.389648
1302.852539	9007.458008
1303.914063	8842.153320
1304.975586	8796.896484
1306.036133	8859.984375
1307.097656	8795.861328
1308.158203	8908.465820
1309.218750	8827.823242
1310.279297	8881.536133
1311.338867	8881.032227
1312.399414	8868.733398
1313.458984	8785.653320
1314.518555	8832.319336
1315.577148	8753.915039
1316.636719	8977.643555
1317.695313	8979.514648
1318.753906	9075.852539
1319.812500	8839.166016
1320.870117	8937.875000
1321.928711	8998.814453
1322.986328	8953.416016
1324.043945	8900.904297
1325.100586	8921.672852
1326.158203	9022.863281
1327.214844	8920.653320
1328.271484	8917.776367
1329.328125	9023.758789
1330.383789	8926.216797
1331.439453	9029.876953
1332.495117	9050.696289
1333.550781	9107.052734
1334.606445	9101.835938
1335.661133	8992.357422
1336.715820	9171.974609
1337.770508	9154.913086
1338.825195	9275.362305
1339.878906	9149.224609
1340.933594	9127.401367
1341.987305	9198.094727
1343.041016	9318.648438
1344.093750	9275.482422
1345.147461	9372.361328
1346.200195	9381.425781
1347.252930	9471.240234
1348.304688	9520.708008
1349.357422	9584.452148
1350.409180	9550.788086
1351.460938	9702.507813
1352.512695	9714.022461
1353.564453	9554.334961
1354.615234	9537.282227
1355.666016	9465.506836
1356.716797	9417.495117
1357.767578	9426.580078
1358.817383	9273.803711
1359.867188	9213.815430
1360.916992	9232.385742
1361.966797	9239.054688
1363.016602	9117.080078
1364.065430	9095.131836
1365.114258	9170.888672
1366.163086	9117.951172
1367.211914	9274.807617
1368.259766	9310.104492
1369.308594	9264.317383
1370.356445	9254.295898
1371.404297	9437.554688
1372.451172	9489.618164
1373.499023	9579.897461
1374.545898	9374.137695
1375.592773	9514.581055
1376.638672	9483.095703
1377.685547	9597.335938
1378.731445	9551.514648
1379.777344	9632.352539
1380.823242	9423.954102
1381.869141	9354.155273
1382.914063	9313.026367
1383.958984	9417.799805
1385.003906	9247.463867
1386.048828	9302.009766
1387.092773	9363.757813
1388.137695	9087.963867
1389.181641	9247.869141
1390.225586	9177.913086
1391.268555	9143.860352
1392.312500	9102.605469
1393.355469	9214.710938
1394.398438	9010.453125
1395.441406	9168.137695
1396.483398	9225.168945
1397.526367	9227.056641
1398.568359	9051.418945
1399.610352	9029.276367
1400.651367	9136.722656
1401.693359	9176.998047
1402.734375	9200.483398
1403.775391	9356.056641
1404.816406	9300.322266
1405.856445	9232.551758
1406.897461	9474.730469
1407.937500	9382.932617
1408.977539	9543.505859
1410.017578	9405.999023
1411.056641	9407.918945
1412.095703	9474.784180
1413.134766	9452.658203
1414.173828	9488.275391
1415.212891	9718.861328
1416.250977	9636.585938
1417.289063	9667.444336
1418.327148	9871.713867
1419.365234	9767.737305
1420.403320	9757.680664
1421.440430	9769.306641
1422.477539	9961.708984
1423.514648	9874.538086
1424.551758	10035.692383
1425.587891	10001.557617
1426.625000	10223.107422
1427.661133	9991.151367
1428.696289	10046.274414
1429.732422	10067.627930
1430.767578	10062.431641
1431.803711	10062.062500
1432.837891	10085.843750
1433.873047	10049.242188
1434.908203	10145.514648
1435.942383	10046.075195
1436.976563	10101.292969
1438.010742	10161.367188
1439.044922	10148.920898
1440.078125	10105.026367
1441.111328	10290.929688
1442.144531	10225.268555
1443.177734	10258.803711
1444.210938	10505.364258
1445.243164	10342.860352
1446.275391	10422.447266
1447.307617	10589.260742
1448.339844	10562.335938
1449.372070	10460.284180
1450.403320	10501.179688
1451.434570	10556.635742
1452.465820	10498.160156
1453.497070	10400.860352
1454.527344	10543.644531
1455.557617	10456.016602
1456.587891	10351.367188
1457.618164	10331.619141
1458.648438	10401.677734
1459.677734	10292.095703
1460.707031	10080.473633
1461.736328	9968.351563
1462.765625	9868.330078
1463.793945	9833.875977
1464.823242	9884.470703
1465.851563	9781.939453
1466.879883	9572.383789
1467.907227	9299.514648
1468.935547	9551.926758
1469.962891	9420.047852
1470.990234	9305.148438
1472.017578	9251.047852
1473.044922	9157.975586
1474.071289	9262.085938
1475.097656	9242.036133
1476.124023	9212.234375
1477.150391	9109.331055
1478.176758	9152.593750
1479.202148	9093.506836
1480.227539	9122.155273
1481.252930	9326.369141
1482.278320	9294.105469
1483.302734	9288.660156
1484.328125	9356.404297
1485.352539	9338.766602
1486.375977	9548.109375
1487.400391	9379.146484
1488.424805	9432.310547
1489.448242	9680.871094
1490.471680	9504.502930
1491.495117	9533.290039
1492.517578	9557.201172
1493.541016	9710.661133
1494.563477	9595.271484
1495.585938	9606.981445
1496.608398	9401.033203
1497.629883	9248.817383
1498.651367	9235.997070
1499.673828	9000.483398
1500.695313	8933.758789
1501.715820	8712.777344
